272.7986750150207	0.3288713910761155
273.09908927046774	0.3380577427821522
273.27910065458684	0.3463254593175853
273.57927774088483	0.35826771653543305
273.6987319356165	0.37020997375328085
273.9392214527401	0.3757217847769029
274.11812604749707	0.3968503937007874
274.29971855927647	0.386745406824147
274.84267779780544	0.3775590551181103
274.90062612655345	0.4041994750656168
274.9020491414477	0.3876640419947507
275.2626253043671	0.3977690288713911
275.2637320937293	0.38490813648293964
275.32191759162635	0.4087926509186352
275.56398823641024	0.3959317585301837
275.68304714922687	0.4124671916010499
275.9223508206053	0.43175853018372706
276.16268222496285	0.43910761154855643
276.4033298548525	0.44278215223097117
276.52634158681974	0.41338582677165353
276.82240774120106	0.4730971128608924
276.9449451348702	0.4492125984251969
277.18638332858995	0.4437007874015748
277.3050469594915	0.46482939632545933
277.78650033203684	0.47034120734908136
277.7870537267179	0.46391076115485563
278.2081080226418	0.471259842519685
278.3846409259084	0.5199475065616798
278.567656452582	0.4933070866141732
278.80640672927933	0.5190288713910761
278.92783733358635	0.5080052493438321
279.1090345634507	0.50249343832021
279.4078676912374	0.5300524934383202
279.77168516586033	0.50249343832021
279.8297916073744	0.5272965879265092
279.94900863295703	0.541994750656168
280.3110868671537	0.5346456692913386
280.370537267179	0.5438320209973753
280.73277361414165	0.5346456692913386
280.9712076653069	0.5640419947506562
281.0324763621415	0.5520997375328084
281.3934478069759	0.5576115485564305
281.51290200170763	0.5695538057742782
281.75465642095946	0.5603674540682415
281.99609461467924	0.5548556430446194
282.35785662334376	0.5511811023622047
282.53668216171775	0.573228346456693
282.7165354330709	0.5833333333333334
282.8977326629352	0.5778215223097113
283.13909180027196	0.573228346456693
283.3176011131139	0.5989501312335959
283.61935932707206	0.5925196850393701
283.79873826012715	0.6081364829396325
284.04065079214496	0.5971128608923885
284.16326724219715	0.5723097112860892
284.2832748316099	0.5778215223097113
284.52368529235054	0.584251968503937
284.76370047117604	0.5952755905511811
284.94394902444424	0.6007874015748031
285.12554153622364	0.5906824146981627
285.3660310533473	0.5961942257217848
285.5447775353382	0.6191601049868767
285.78471365778074	0.6311023622047244
285.84748442589256	0.6017060367454068
286.1482939632546	0.6062992125984252
286.3294121367359	0.6017060367454068
286.5106093666003	0.5961942257217848
286.69275527306075	0.5796587926509187
286.873161939095	0.5833333333333334
286.9921417955286	0.6007874015748031
287.1137305126016	0.5879265091863517
287.3515321127028	0.6246719160104987
287.474148562755	0.5998687664041995
287.71455902349555	0.6062992125984252
287.89583530974295	0.5998687664041995
288.075372355564	0.6136482939632546
288.3149131960915	0.6301837270341207
288.49713815893494	0.612729658792651
288.7390506909528	0.6017060367454068
288.91842962400784	0.6173228346456693
289.09812478259494	0.6292650918635171
289.2223223603074	0.5860892388451444
289.5222622774563	0.6007874015748031
289.7645700913892	0.5851706036745407
289.88228504569463	0.6173228346456693
290.1226164500522	0.6246719160104987
290.3051576384278	0.6035433070866142
290.4865129810581	0.5961942257217848
290.7869272365051	0.6053805774278215
291.14805679410557	0.6090551181102362
291.2679062707523	0.6164041994750656
291.2698826803276	0.5934383202099738
291.5708503304557	0.5961942257217848
291.93245422635425	0.5943569553805774
292.05372671789524	0.5851706036745407
292.352559845682	0.612729658792651
292.47359516807387	0.6062992125984252
292.77590677671316	0.5934383202099738
292.9554438225343	0.6072178477690289
293.3191031843911	0.581496062992126
293.55809063023753	0.6044619422572178
293.74102710052813	0.5787401574803149
293.9801726591405	0.5998687664041995
294.15947253581254	0.6164041994750656
294.34414824652947	0.5704724409448819
294.52194605192426	0.6044619422572178
294.763305189261	0.5998687664041995
294.94647882870066	0.5713910761154856
295.1849128798659	0.6007874015748031
295.30911045757836	0.5576115485564305
295.66905416943365	0.5750656167979002
295.79040571735766	0.5649606299212598
296.2100369983873	0.5888451443569553
296.2109856749834	0.5778215223097113
296.3923410176138	0.5704724409448819
296.75465642095946	0.5603674540682415
296.9345887486956	0.5695538057742782
297.1763431679474	0.5603674540682415
297.1776080700756	0.5456692913385827
297.3576194541947	0.5539370078740158
297.6581127660248	0.5622047244094488
297.77906903203365	0.5566929133858267
298.0204281693704	0.5520997375328084
298.2019416247668	0.5429133858267716
298.3813996142049	0.5576115485564305
298.5044113461721	0.5282152230971129
298.50599247383235	0.5098425196850394
298.7448218069127	0.5346456692913386
299.1068209847263	0.5282152230971129
299.16895930177407	0.5061679790026247
299.3488916295102	0.5153543307086614
299.6511241817665	0.5034120734908136
299.8291591563103	0.5346456692913386
299.9507478733833	0.5217847769028872
300.13400056920597	0.4923884514435696
300.1944787022104	0.48963254593175853
300.3737785788825	0.5061679790026247
300.61521677260225	0.5006561679790026
300.73727982797334	0.4822834645669291
301.157385447301	0.5006561679790026
301.15904563134427	0.4813648293963255
301.33913607184644	0.4887139107611549
301.5811276602473	0.4767716535433071
301.7626411156437	0.4675853018372703
302.0054232678747	0.44645669291338586
302.12511463175537	0.45564304461942257
302.36671093824117	0.4482939632545932
302.6072795117478	0.4528871391076116
302.7868956139519	0.465748031496063
302.9710969863707	0.42532808398950134
303.152215159852	0.42073490813648295
303.1526894981501	0.41522309711286093
303.3928627897417	0.42440944881889764
303.5729532302438	0.43175853018372706
303.81747462290105	0.39041994750656167
303.99590487935995	0.4170603674540682
304.1201815134554	0.3729658792650919
304.3589317901528	0.3986876640419948
304.36098725611106	0.37480314960629924
304.5401290200171	0.3931758530183727
304.72140530626444	0.386745406824147
304.96292255636723	0.38031496062992126
305.2051513139171	0.36561679790026247
305.38334440122696	0.39501312335958005
305.5071466970243	0.35643044619422576
305.8095373620466	0.3426509186351706
305.9884419568036	0.3637795275590551
306.1130348164311	0.31601049868766407
306.3513898112134	0.3463254593175853
306.6553616038959	0.31417322834645667
306.77489485501064	0.3251968503937008
307.01759795085854	0.30498687664041996
307.19895329348896	0.29763779527559053
307.3817316510135	0.27375328083989503
307.62064004047687	0.29763779527559053
307.74309837776303	0.27467191601049873
307.80223255225627	0.2875328083989501
307.9867501502072	0.24343832020997375
308.1643107864529	0.28018372703412076
308.22660721626664	0.2562992125984252
308.52820731745885	0.25170603674540687
308.7679853271353	0.26548556430446196
308.8292540239699	0.2535433070866142
309.00839578787594	0.2719160104986877
309.1344116623976	0.2076115485564305
309.3144230465168	0.2158792650918635
309.61452107643174	0.228740157480315
309.7364260190368	0.21220472440944882
310.09850425323344	0.20485564304461945
310.21700977136896	0.2278215223097113
310.34041678525125	0.1938320209973754
310.58201309173705	0.18648293963254592
310.8240046801379	0.17454068241469822
311.00338361319297	0.1901574803149606
311.1871897036967	0.1543307086614173
311.4264143186921	0.17454068241469822
311.54571040065775	0.18832020997375332
311.7888878348038	0.16259842519685042
311.97166619232837	0.1387139107611549
312.2134996679632	0.1286089238845144
312.3927204882522	0.14606299212598428
312.5775543117351	0.09829396325459328
312.81780665970973	0.10656167979002629
312.99639502893467	0.13136482939632554
313.2383866173355	0.11942257217847774
313.5388008727825	0.1286089238845144
313.5412516206559	0.10013123359580045
313.721025835626	0.11115485564304461
313.7817411377795	0.10564304461942264
314.2036650539165	0.1028871391076116
314.26327356670777	0.11023622047244097
314.386048129526	0.08359580052493443
314.50708345191794	0.0771653543307087
314.8088416658761	0.07073490813648298
315.2313980330772	0.06062992125984257
315.35006166397875	0.08175853018372703
315.651740821554	0.07624671916010506
315.77340859501		0.062467191601049854
315.8318312620561	0.08359580052493443
316.13445909622743	0.06706036745406818
316.25596875691747	0.055118110236220486
316.43795655061194	0.04041994750656164
316.73805458052686	0.05328083989501309
317.0399709072511	0.045013123359580076
317.0990260253613	0.05879265091863517
317.39983556272335	0.06338582677165361
317.5217405053284	0.04685039370078736
317.58411599152515	0.022047244094488216
317.8815261044177	0.06614173228346454
318.06303955981406	0.05695538057742788
318.18518167156816	0.03766404199475071
318.6672674951776	0.03582677165354331
318.8510735856813	0
319.02649969958577	0.06154855643044621
319.26888656990167	0.045013123359580076
319.5119849476647	0.02020997375328082
319.7511305062771	0.04133858267716539
319.8728773361161	0.026640419947506544
320.0515447617241	0.05052493438320216
320.1143945862189	0.02020997375328082
320.6555355279385	0.032152230971128626
320.71640894285804	0.024803149606299146
320.95808430572686	0.016535433070866246
321.56231224109035	-0.0045931758530183275
321.9207538816684	0.03031496062992134
322.04028713278313	0.04133858267716539
322.282594946716	0.0257217847769029
322.40442083293806	0.01010498687664052
322.6457799702748	0.005511811023622082
322.8272143692882	-0.002755905511811041
323.1863675173134	0.023884514435695614
323.97076494956207	0.009186351706036766
324.14990671346806	0.0275590551181103
324.2108591847706	0.019291338582677175
324.45285077317146	0.0073490813648293685
324.69207538816687	0.0275590551181103
324.69286595199696	0.01837270341207342
325.1733706479461	0.03490813648293967
325.3547259905765	0.0275590551181103
325.6579072194289	0.0045931758530183275
325.89800145463744	0.014698162729658848
326.0210922429877	-0.015616797900262491
326.2584195047908	0.026640419947506544
326.3804035037789	0.009186351706036766
326.5605730006641	0.015616797900262491
326.8629636656864	0.0018372703412073976
327.16250830092025	0.021128608923884573
327.2234607722228	0.01286089238845145
327.4650570787086	0.005511811023622082
327.704518862853	0.02296587926509186
327.82753059482025	-0.006430446194225725
328.06715049173073	0.009186351706036766
328.2485058343611	0.0018372703412073976
328.426857034437	0.029396325459317585
328.60837048983336	0.02020997375328082
328.78980488884673	0.011942257217847696
329.03155930809856	0.002755905511811041
329.27117920500905	0.01837270341207342
329.5740442083294	-0.0009186351706036433
329.81421749992097	0.008267716535433123
329.9966796319135	-0.011942257217847696
